"1" "2" "3" "4" "5" "6" "7" "8" "9" "10" "11" "12"
"Adipose...Subcutaneous" 0.000612399951748614 0.0622481729303925 0.91960099197973 0.000159950236242861 0.000108329243614696 0.00017875454877933 0.000121076705006592 0.000248812275982916 8.18459108493162e-05 0.0163301971591596 0.000295211640816246 1.42574176768726e-05
"Adipose...Visceral..Omentum." 0.00064617474254874 0.0306309416672292 0.936240891147218 0.00182468500798896 0.0148243985748755 0.000223379568692003 1.27429758502342e-06 0.000174631335403253 0.00395123451763229 0.0111585836578535 0.000293658903201719 3.01465797717574e-05
"Adrenal.Gland" 0.00894022638735923 0.00329207578503659 0.00286327000321412 0.971706428403609 0.009784011817213 0.000230317177006163 0.00010644224926944 0.00023481952297416 0.000561378291424983 0.00219048860532373 4.1507919531683e-05 4.90338380381579e-05
"Artery...Aorta" 0.000510212011508462 0.804709353847105 0.0402595738375204 0.000525914418966833 0.000518989333511905 4.8679248992309e-05 3.1349489445043e-05 6.51120683792206e-05 0.000931427371063001 0.152322186353945 7.70631994692465e-05 1.38820094219126e-07
"Artery...Coronary" 0.000710799897097271 0.631686431637489 0.236130265456539 0.000150881043432568 0.00539461750814545 1.28212270890627e-07 4.30483508957925e-07 0.0045883298938345 0.00105902718171941 0.120274451594578 4.54274773054373e-08 4.59166390713136e-06
"Artery...Tibial" 0.000119896923170494 0.932714124152023 0.00187710766776347 6.90831063807582e-07 1.71496311341012e-07 3.07257250417234e-05 2.90209789197793e-07 0.000410993568306345 6.70144748949007e-05 0.0646144164181394 7.36984093404156e-05 9.0870124155576e-05
"Brain...Anterior.cingulate.cortex..BA24." 0.983503289177275 0.00146433279384928 0.000705245075841152 0.000698845851474047 0.000136448313657912 0.000115166043477029 0.0128682714474077 0.000196627275291586 9.39244034305235e-06 0.000256716031838713 3.42759607948502e-05 1.1389588749987e-05
"Brain...Caudate..basal.ganglia." 0.950125003197405 0.00140035797645525 0.0239202611323537 0.0199765885865711 0.00118783184757939 0.000140359067461796 0.00169910643587823 0.000273779717317908 0.000197445730854976 0.00104034957899812 1.75677728875531e-05 2.13489562367268e-05
"Brain...Cerebellar.Hemisphere" 0.28841649325656 5.77603703886242e-08 4.7355279151878e-08 8.12517369231846e-08 1.01083994785273e-07 7.76029576171378e-08 0.711530636477708 8.78591839586694e-08 3.40089054358225e-08 3.94093612308148e-08 3.14823621861937e-05 2.08615717563469e-05
"Brain...Cerebellum" 0.305849948103237 0.000733418644463081 8.13974895896774e-05 9.30108223445119e-05 2.91577835399073e-07 0.000101212148732166 0.692884229355532 4.94567731587526e-05 2.70879340336517e-05 8.81642936206082e-07 8.33721748294808e-05 9.5693333308159e-05
"Brain...Cortex" 0.914542645295255 0.00210565969158049 0.0012729699424934 0.000464021948418717 0.000103888297479131 0.000251099729242165 0.0808255553518269 0.000231889555040452 1.70002269131764e-05 5.21678857931753e-07 5.78517462355385e-05 0.000126896536657483
"Brain...Frontal.Cortex..BA9." 0.967934309520956 0.000437587631293622 0.000319022182413081 0.000184091068637746 9.8983775738054e-05 8.99348128449812e-05 0.0305033084110627 0.000172540658310443 5.21204213154844e-06 0.000213725646382516 2.74963247224132e-05 1.37879255066871e-05
"Brain...Hippocampus" 0.986756304650424 0.000941243660606767 0.0105338585205382 0.000443400864678666 0.000533858075850275 0.000173075282854515 1.81549912711296e-05 0.000120160711493533 0.000101535104531181 0.00031316026374751 4.62643680031358e-05 1.89835060011907e-05
"Brain...Hypothalamus" 0.955101057271 0.00122256002906837 0.0156934596214758 0.0208511360747017 0.00178127332306582 0.000155833591349046 0.00419928414724746 0.000222124069914046 0.000197558291098456 6.33806461829076e-05 2.03852475405216e-05 0.000491947687355418
"Brain...Nucleus.accumbens..basal.ganglia." 0.961038272029256 0.000726462727387901 0.00275832565030932 0.026486537213651 0.000959646873837809 0.000172330609508624 0.00713193472064011 0.00021178765739972 3.06080702659971e-05 0.000415128527057263 2.55364084886318e-05 4.34295121981599e-05
"Brain...Putamen..basal.ganglia." 0.969050233399171 0.00204380675266559 0.0220934572647858 0.00438165088533887 0.000686776410948038 0.000164055304922075 2.35720439465066e-05 0.000210798450364534 0.000365328359085294 0.000939192654273158 2.16999135053555e-05 1.9428560994256e-05
"Breast...Mammary.Tissue" 0.000748128269987585 0.0409560735018389 0.821941827997285 0.0674438165035426 0.0493560444192307 0.00840697334198948 0.00439701989160469 0.000764013624604027 0.000247470492725717 0.00560831889361716 0.000117998493715945 1.23145698578052e-05
"Cells...EBV.transformed.lymphocytes" 0.000145393254679512 1.86114572429195e-06 9.96083206711929e-05 4.03490159947593e-06 0.998954584511953 5.49374279744918e-05 1.17923767391477e-06 0.000173777634052403 1.38841333133641e-05 0.000512840792052226 3.23935765960539e-05 5.50506371018985e-06
"Cells...Transformed.fibroblasts" 0.00020586452135683 0.000480185581414262 0.000534046147723207 0.00124737454351837 0.000227469300555045 0.000251379902169751 0.000678641051984402 7.3471298368031e-05 6.9013432936774e-05 0.99617110841328 4.90113820145191e-05 1.24344246782849e-05
"Colon...Sigmoid" 0.00133604341808627 0.923722431470693 1.92760810087255e-05 0.032840595880042 0.0165613875627909 0.000137885159530799 0.0230265140270422 0.000252082859596295 3.17590977452883e-08 0.00206834942905853 1.74636215003842e-05 1.79387315533664e-05
"Colon...Transverse" 0.00280648356825607 0.442121559339059 0.0720370395326976 0.0747826367387034 0.387057960343489 0.00373850632021733 0.0147849287679084 0.000115868495575383 1.686150632277e-05 0.00244907418264994 5.39054513055842e-05 3.51757538158502e-05
"Esophagus...Gastroesophageal.Junction" 0.000669132778796999 0.921117424539341 0.015339926832743 0.0379219943784268 0.00261112688710819 0.00148120160226592 0.0163688135416637 0.000316032141588338 0.000102798145083052 0.00388363263209431 6.37478454073837e-05 0.000124168675481616
"Esophagus...Mucosa" 5.9212395964869e-07 0.053330135365737 0.000121043682739008 0.000130643255821626 0.0017947144206195 0.943344172675272 4.46383255848941e-05 1.86665299316137e-07 0.000463063370847137 0.000686907061072753 8.01359073033992e-05 3.76714574386393e-06
"Esophagus...Muscularis" 0.000827689470864871 0.972030526802334 2.43818275633309e-06 0.00472593561534702 0.00186895586559745 0.00134533549344168 0.0138378747168437 0.000814495387973023 6.34514472117114e-05 0.00443367180563275 4.19717686242132e-05 7.65344337302092e-06
"Heart...Atrial.Appendage" 0.00435707728387586 0.0980510862916926 0.245154464339783 0.00791080846992696 4.08119629604859e-07 0.000147546849935322 0.00634586444723758 0.605896654438533 0.00173150756891389 0.0303428696836267 1.43761582102666e-05 4.73363486359876e-05
"Heart...Left.Ventricle" 0.00329339819944016 0.0512705046569429 0.128818214410356 0.00812609504713245 0.000808473175995282 0.000160389596199908 0.0130190514228218 0.779996893876419 0.000499650774640641 0.0139319537785516 2.29693078324557e-05 5.24057536680222e-05
"Liver" 8.49892841418252e-08 1.52181454144141e-07 1.76934913994439e-07 0.28086678243191 7.75942397412591e-08 9.46784264296679e-05 1.40459668655626e-07 1.32893336795108e-07 0.705776485206279 0.0131378499400809 0.000119526259274514 3.91268312870082e-06
"Lung" 0.000252727594966243 0.0301039068855654 0.802566240675318 6.67713797091032e-05 0.122230954494066 0.000427898489200611 0.00191835075918508 0.000285643159644284 0.0087545755253903 0.0332395664159036 0.000136986612719994 1.63780083312214e-05
"Muscle...Skeletal" 0.000158659411126105 0.00362045386646989 0.000393485244765488 0.000251891686045653 0.000638823358829845 0.000138327892657996 5.68356894060877e-05 0.993619113291381 3.18386208073563e-05 0.00104951605392492 2.29263382747455e-05 1.81285463104526e-05
"Nerve...Tibial" 0.0955761297571697 0.034361699708005 0.828940870510238 0.0033482306963177 2.69913973557993e-05 0.000154437190614646 0.0256829582113795 0.000183029180990217 1.02002562702884e-05 0.0116613851897586 3.11829430321035e-05 2.28849588683038e-05
"Ovary" 0.000163089064555246 0.0581830528570731 0.0702114600867864 0.85545486372989 0.000964376597783288 0.000215072963238951 0.000667287229150974 3.8045644889615e-07 0.000210378654524448 0.013897405034372 1.31393123544816e-05 1.9494013821929e-05
"Pancreas" 0.000215609467486205 0.0015312478232962 0.000563075928571543 0.000401242297910957 0.000455823837219531 0.00024788497925479 0.000122210887720583 2.21143289253609e-05 0.000145030277328722 0.00130733121560903 0.994957755736658 3.06732200186985e-05
"Pituitary" 0.00288130861738598 0.0026248655473989 0.00130977134983087 0.000583576071888452 0.000424970591399159 0.000310029752811395 0.00018248121267682 2.30362683149861e-07 8.9444299339391e-05 0.00167655078702938 7.17650571509461e-05 0.989845006350406
"Prostate" 0.0013207727061499 0.364529334091992 0.0779546049236226 0.37987903933982 0.0738755111104588 0.0299502999174242 0.0697375669075367 0.00176721165807397 0.000132546789489781 1.50832712019212e-07 0.000720769704917899 0.000132192017801699
"Skin...Not.Sun.Exposed..Suprapubic." 0.000197018202926739 0.0150017036320848 0.163122689259162 0.0729194582276137 0.00121926371591565 0.72779811796288 0.0161857437364874 0.000169691305528643 1.44671329996977e-07 0.00321110863601831 0.000154706318904383 2.03543311480746e-05
"Skin...Sun.Exposed..Lower.leg." 0.000419890031112629 0.0304925552224699 0.195571186992148 0.0404215896138029 0.000731625261925158 0.708719618509012 0.0171426649174531 0.000303966568422995 2.00900370695858e-08 0.00618279114418676 1.34781373661262e-07 1.39568680560985e-05
"Small.Intestine...Terminal.Ileum" 0.000207488511825252 0.168973264737895 0.181324727674819 0.0689454873848743 0.552440681059097 0.000784971238305572 0.0242246324620598 0.000117651329587413 0.000170248947134953 0.00111583469725101 0.00167491625842021 2.00956987303596e-05
"Spleen" 7.31709339487563e-07 0.0202867270684245 0.27803278315008 0.00981387719609739 0.639754288124316 0.000168267024252565 0.0248977121949867 1.23345285014772e-07 0.0267253986766466 0.000155665974903924 0.000104906843280067 5.95186923878029e-05
"Stomach" 0.000973854073066872 0.358573583170603 0.0983842545103608 0.127389351925277 0.153542076573092 0.00176947877734771 0.0182345625659186 0.000264844444847976 4.8192573704147e-05 0.000922488327151404 0.239786391497091 0.000110921561539742
"Testis" 1.23721718170454e-07 0.0275607969512507 0.0510326602570108 0.106443089687765 0.0209913180753981 0.000783745862433849 0.790352874271788 0.000619140084685411 2.9630717442513e-05 0.00199864588882719 8.33480164701585e-05 0.000104626465209522
"Thyroid" 0.00204203447934949 0.0246213406923668 0.405548872328655 0.179516677947528 0.33796645067998 0.000284211750342796 0.0461219942332731 0.000422631429110243 0.00115748727770734 0.00167576827417772 1.46161811583983e-07 0.000642384745697259
"Uterus" 2.36366567893912e-07 0.547547890478438 0.0987680922142809 0.309916338824299 0.00445108089119106 0.000288335360264591 0.0320958804106573 7.30803601021489e-08 7.88784835369285e-06 0.00689078670265417 2.01703051704843e-07 3.31961198810121e-05
"Vagina" 0.000160180927706872 0.201591988074518 0.172211477717634 0.0978862975366503 0.00173700597486654 0.503012156621064 0.00974318572208468 4.2550383278001e-05 0.000251047720878342 0.0133442493976545 9.46681437218416e-06 1.03931092927659e-05
"Whole.Blood" 0.000194538367368215 6.30382520030892e-06 9.36216634985208e-07 1.50702174896915e-07 0.0573353030531306 1.57383542933055e-07 3.72281543890147e-06 0.00058551842408396 0.941873006917084 1.68041765163213e-07 4.19892323161152e-08 1.52264343330386e-07
